x0 = (0.475736, 0.3125).

x = (0.48403, 0.320093).

6 iterations.

residual: 3.0918e-007.

