x0 = (0.475736, 0.3125).

x = (0.48403, 0.320093).

2 iterations.

residual: 1.12318e-009.

